1
P0: 22 1 4 2 6 -1 0