7
0 8 10 8 13 11 14
8 0 8 10 11 5 12
10 8 0 12 5 11 6
8 10 12 0 15 13 16
13 11 5 15 0 14 3
11 5 11 13 14 0 15
14 12 6 16 3 15 0