9 1 5
0 8 22 16 16 13 24 14 11
8 0 20 14 14 11 22 12 9
22 20 0 12 12 11 22 12 23
16 14 12 0 4 5 16 6 17
16 14 12 4 0 5 16 6 17
13 11 11 5 5 0 13 3 14
24 22 22 16 16 13 0 14 25
14 12 12 6 6 3 14 0 15
11 9 23 17 17 14 25 15 0
0