2
P0: 15 2 0 0 4 0 0
P1: 10 1 0 0 2 0 0